23
1
76
51
13
16
96
94
6
85
21
8
11
38
87
7
76
28
62
11
20
41
86
58
84
69
86
65
25
70
93
92
98
52
41
60
34
4
49
98
42
98
43
73
86
85
3
37
19
86
9
50
52
77
28
83
15
19
68
44
30
32
70
36
92
30
11
60
98
27
73
72
79
64
70
23
98
14
73
100
67
50
46
39
61
44
41
21
24
58
46
16
37
6
68
11
28
7
81
56
74
43
40
93
14
37
71
88
8
6
85
2
47
69
78
81
86
32
76
49
90
90
37
40
82
57
36
74
97
59
95
92
33
17
26
24
11
53
25
24
73
53
14
18
73
45
70
68
29
87
26
97
31
33
67
84
6
100
12
57
1
98
91
50
11
94
69
30
43
54
71
33
7
53
77
37
77
19
67
37
88
69
46
10
34
98
61
1
50
42
19
11
42
68
23
75
62
65
8
80
76
